01110011009987                                                                                      
01110012009939                                                                                      
01110013009980                                                                                      
01110014009990                                                                                      
01110015009995                                                                                      
01110016009974                                                                                      
01110018009982                                                                                      
01120021009977                                                                                      
01120022009963                                                                                      
01120023009977                                                                                      
01120024009989                                                                                      
01120025009989                                                                                      
01120028009985                                                                                      
01210031009995                                                                                      
01210032009872                                                                                      
01210033009998                                                                                      
01210034010000                                                                                      
01210035010000                                                                                      
01210036009998                                                                                      
01210038009993                                                                                      
0211001102019101223000020191013132000                                                               
0211001202019101223000020191013132000                                                               
0211001302019101223000020191013132000                                                               
0211001402019101223000020191013132000                                                               
0211001502019101223000020191013132000                                                               
0211001602019101223000020191013132000                                                               
0211001802019101223000020191013132000                                                               
0212002102019101223000020191013132000                                                               
0212002202019101223000020191013132000                                                               
0212002302019101223000020191013132000                                                               
0212002402019101223000020191013132000                                                               
0212002502019101223000020191013132000                                                               
0212002802019101223000020191013132000                                                               
0221003102019101223250020191013093500                                                               
0221003202019101223250020191013093500                                                               
0221003302019101223250020191013093500                                                               
0221003402019101223250020191013093500                                                               
0221003502019101223250020191013093500                                                               
0221003602019101223250020191013093500                                                               
0221003802019101223250020191013093500                                                               
031100110201910141050022019101411200220                                                             
031100110201910151020012019101510450220                                                             
031100120201910010405002019100104200020                                                             
031100120201910010800002019100108260020                                                             
031100120201910021750002019100218050020                                                             
031100120201910021820002019100218300020                                                             
031100120201910071019002019100710300020                                                             
031100120201910111158002019101112160020                                                             
031100120201910131400022019101314050320                                                             
031100120201910141020022019101411200220                                                             
031100120201910151005032019101510400220                                                             
031100120201910161112002019101612110020                                                             
031100120201910180243002019101802480020                                                             
031100120201910301110022019103011150220                                                             
031100130201910040451002019100404580020                                                             
031100130201910141100022019101411050220                                                             
031100130201910151020022019101510400120                                                             
031100130201910220137002019102202130020                                                             
031100130201910230100002019102301180020                                                             
031100140201910141035022019101411150320                                                             
031100150201910151020012019101510400220                                                             
031100160201910040451002019100404580020                                                             
031100160201910141050022019101411200220                                                             
031100160201910151020022019101510400220                                                             
031100160201910220137002019102202130020                                                             
031100160201910230100002019102301180020                                                             
031100180201910141020022019101410300220                                                             
031100180201910141050022019101411150320                                                             
031100180201910151015022019101510450220                                                             
031100180201910301050022019103011000220                                                             
031200210201910141030022019101411200220                                                             
031200210201910151000032019101510500220                                                             
031200220201910050230022019100503100220                                                             
031200220201910111158002019101112160020                                                             
031200220201910141030022019101411200220                                                             
031200220201910151000032019101510500220                                                             
031200220201910211130002019102111320020                                                             
031200230201910141030022019101411200220                                                             
031200230201910151000032019101510500220                                                             
031200240201910141100022019101411150220                                                             
031200240201910151020012019101510500220                                                             
031200250201910141050022019101411050220                                                             
031200250201910151020022019101510500220                                                             
031200280201910141045032019101411150320                                                             
031200280201910151015022019101510500120                                                             
032100310201910281055002019102811150020                                                             
032100320201910011156002019100111570020                                                             
032100320201910012030002019100120310020                                                             
032100320201910021920002019100219350020                                                             
032100320201910031631002019100316460020                                                             
032100320201910050120002019100505160020                                                             
032100320201910080029002019100801060020                                                             
032100320201910141055042019101411150220                                                             
032100320201910151000042019101510100220                                                             
032100320201910162055052019101621100520                                                             
032100320201910182130002019101822000020                                                             
032100320201910211130002019102111320020                                                             
032100320201910220530052019102207550220                                                             
032100320201910231130002019102311350020                                                             
032100320201910241120002019102411250020                                                             
032100320201910280910002019102809200020                                                             
032100320201910280920002019102809350020                                                             
032100330201910040451002019100404580020                                                             
032100360201910040451002019100404580020                                                             
032100380201910162050012019101621200120                                                             
